%%MatrixMarket matrix coordinate real general
% Generated by MFEM
192 80 528
1 4 -3.79632201262734e-04
1 3 1.06241252641969e-03
2 4 1.41680666330174e-03
2 3 -3.96497752719588e-03
3 5 3.94322506031070e-04
3 6 -1.82602576395789e-03
3 4 2.32222616497236e-04
3 3 1.71485163816607e-01
4 5 -1.47163162707584e-03
4 6 6.81482092702062e-03
4 4 1.69727295122939e-01
4 3 2.32222616497236e-04
5 6 1.66666666844772e-01
5 4 6.81482092702062e-03
5 3 -1.47163162707584e-03
6 5 1.66666666844772e-01
6 4 -1.82602576395789e-03
6 3 3.94322506031070e-04
7 5 -3.96497752719588e-03
7 6 1.41680666330174e-03
8 5 1.06241252641969e-03
8 6 -3.79632201262734e-04
9 5 -2.11504715982057e-03
9 6 -2.63391618802493e-03
10 5 -7.89346346085461e-03
10 6 -9.82990903658717e-03
11 4 2.63391618802493e-03
11 3 2.11504715982057e-03
12 4 9.82990903658717e-03
12 3 7.89346346085461e-03
13 4 -1.41680666330174e-03
13 3 3.96497752719588e-03
14 4 3.79632201262734e-04
14 3 -1.06241252641969e-03
15 13 2.52008735971799e-04
15 14 -3.03246468731013e-04
15 12 -7.32452724501169e-04
15 11 1.50362526441362e-01
16 13 -9.40509406597965e-04
16 14 1.13173122851999e-03
16 12 1.57946521571835e-01
16 11 -7.32452724501169e-04
17 14 1.66666666844772e-01
17 4 1.82602576395789e-03
17 3 -3.94322506031070e-04
18 13 1.66666666844772e-01
18 4 -6.81482092702062e-03
18 3 1.47163162707584e-03
19 13 -6.25625048104219e-03
19 14 1.03909432617513e-03
19 4 1.69727295122939e-01
19 3 2.32222616497236e-04
20 13 1.67635726404208e-03
20 14 -2.78424485558387e-04
20 4 2.32222616497236e-04
20 3 1.71485163816607e-01
21 13 -2.06214605570823e-03
21 14 -1.12912835910980e-03
22 13 -7.69603385253089e-03
22 14 -4.21396440446464e-03
23 4 9.82990903658717e-03
23 3 7.89346346085461e-03
24 4 2.63391618802493e-03
24 3 2.11504715982057e-03
25 19 6.25625048104219e-03
25 20 -1.03909432617513e-03
25 13 1.66666666844772e-01
26 19 -1.67635726404208e-03
26 20 2.78424485558387e-04
26 14 1.66666666844772e-01
27 16 3.90101130884082e-04
27 15 1.66515955533892e-01
27 13 9.40509406597965e-04
27 14 -1.13173122851999e-03
28 16 1.73396507839362e-01
28 15 3.90101130884085e-04
28 13 -2.52008735971799e-04
28 14 3.03246468731013e-04
29 19 -2.52008735971799e-04
29 20 3.03246468731012e-04
29 18 1.66666666844772e-01
30 19 9.40509406597965e-04
30 20 -1.13173122851999e-03
30 17 1.66666666844772e-01
31 19 -1.45616509203118e-04
31 20 1.63097149021929e-01
31 13 -1.67635726404208e-03
31 14 2.78424485558387e-04
32 19 1.66641251985401e-01
32 20 -1.45616509203132e-04
32 13 6.25625048104219e-03
32 14 -1.03909432617513e-03
33 13 -7.69603385253089e-03
33 14 -4.21396440446464e-03
34 13 -2.06214605570823e-03
34 14 -1.12912835910980e-03
35 19 7.69603385253089e-03
35 20 4.21396440446464e-03
36 19 2.06214605570823e-03
36 20 1.12912835910980e-03
37 19 1.67635726404208e-03
37 20 -2.78424485558387e-04
37 5 1.66666666844772e-01
38 19 -6.25625048104219e-03
38 20 1.03909432617513e-03
38 6 1.66666666844772e-01
39 19 1.66641251985401e-01
39 20 -1.45616509203132e-04
39 5 1.47163162707584e-03
39 6 -6.81482092702062e-03
40 19 -1.45616509203118e-04
40 20 1.63097149021929e-01
40 5 -3.94322506031070e-04
40 6 1.82602576395789e-03
41 22 1.66666666844772e-01
41 19 -9.40509406597965e-04
41 20 1.13173122851999e-03
42 21 1.66666666844772e-01
42 19 2.52008735971799e-04
42 20 -3.03246468731013e-04
43 5 -1.06241252641969e-03
43 6 3.79632201262734e-04
44 5 3.96497752719588e-03
44 6 -1.41680666330174e-03
45 5 -7.89346346085461e-03
45 6 -9.82990903658717e-03
46 5 -2.11504715982057e-03
46 6 -2.63391618802493e-03
47 19 2.06214605570823e-03
47 20 1.12912835910980e-03
48 19 7.69603385253089e-03
48 20 4.21396440446464e-03
49 26 2.52008735971799e-04
49 25 -3.03246468731012e-04
49 21 1.66666666844772e-01
50 26 -9.40509406597965e-04
50 25 1.13173122851998e-03
50 22 1.66666666844772e-01
51 27 -3.94322506031070e-04
51 28 1.82602576395789e-03
51 26 -1.45616509203115e-04
51 25 1.63097149021929e-01
52 27 1.47163162707584e-03
52 28 -6.81482092702062e-03
52 26 1.66641251985401e-01
52 25 -1.45616509203115e-04
53 28 1.66666666844772e-01
53 26 -6.25625048104220e-03
53 25 1.03909432617513e-03
54 27 1.66666666844772e-01
54 26 1.67635726404208e-03
54 25 -2.78424485558387e-04
55 27 3.96497752719588e-03
55 28 -1.41680666330174e-03
56 27 -1.06241252641969e-03
56 28 3.79632201262734e-04
57 27 2.11504715982057e-03
57 28 2.63391618802493e-03
58 27 7.89346346085460e-03
58 28 9.82990903658716e-03
59 26 -2.06214605570823e-03
59 25 -1.12912835910979e-03
60 26 -7.69603385253088e-03
60 25 -4.21396440446463e-03
61 32 3.94322506031071e-04
61 31 -1.82602576395789e-03
61 27 1.66666666844772e-01
62 32 -1.47163162707584e-03
62 31 6.81482092702062e-03
62 28 1.66666666844772e-01
63 32 2.32222616497229e-04
63 31 1.69727295122939e-01
63 27 -1.47163162707584e-03
63 28 6.81482092702062e-03
64 32 1.71485163816607e-01
64 31 2.32222616497225e-04
64 27 3.94322506031070e-04
64 28 -1.82602576395789e-03
65 32 -3.96497752719590e-03
65 31 1.41680666330174e-03
66 32 1.06241252641969e-03
66 31 -3.79632201262734e-04
67 27 1.06241252641969e-03
67 28 -3.79632201262734e-04
68 27 -3.96497752719588e-03
68 28 1.41680666330174e-03
69 27 7.89346346085460e-03
69 28 9.82990903658716e-03
70 27 2.11504715982056e-03
70 28 2.63391618802493e-03
71 32 -2.11504715982057e-03
71 31 -2.63391618802493e-03
72 32 -7.89346346085461e-03
72 31 -9.82990903658716e-03
73 37 1.66666666844772e-01
73 32 1.47163162707584e-03
73 31 -6.81482092702062e-03
74 38 1.66666666844772e-01
74 32 -3.94322506031071e-04
74 31 1.82602576395789e-03
75 40 -7.32452724501148e-04
75 39 1.57946521571835e-01
75 38 1.13173122851999e-03
75 37 -9.40509406597966e-04
76 40 1.50362526441362e-01
76 39 -7.32452724501148e-04
76 38 -3.03246468731013e-04
76 37 2.52008735971799e-04
77 32 -1.06241252641969e-03
77 31 3.79632201262734e-04
78 32 3.96497752719590e-03
78 31 -1.41680666330174e-03
79 38 -2.78424485558387e-04
79 37 1.67635726404208e-03
79 32 1.71485163816607e-01
79 31 2.32222616497225e-04
80 38 1.03909432617513e-03
80 37 -6.25625048104220e-03
80 32 2.32222616497229e-04
80 31 1.69727295122939e-01
81 38 4.21396440446464e-03
81 37 7.69603385253089e-03
82 38 1.12912835910980e-03
82 37 2.06214605570823e-03
83 32 -7.89346346085461e-03
83 31 -9.82990903658716e-03
84 32 -2.11504715982057e-03
84 31 -2.63391618802493e-03
85 26 9.40509406597965e-04
85 25 -1.13173122851998e-03
85 17 1.66666666844772e-01
86 26 -2.52008735971799e-04
86 25 3.03246468731012e-04
86 18 1.66666666844772e-01
87 44 3.90101130884096e-04
87 43 1.73396507839362e-01
87 38 3.03246468731013e-04
87 37 -2.52008735971799e-04
88 44 1.66515955533892e-01
88 43 3.90101130884099e-04
88 38 -1.13173122851999e-03
88 37 9.40509406597966e-04
89 38 1.66666666844772e-01
89 26 -1.67635726404208e-03
89 25 2.78424485558387e-04
90 37 1.66666666844772e-01
90 26 6.25625048104220e-03
90 25 -1.03909432617513e-03
91 38 -1.03909432617513e-03
91 37 6.25625048104220e-03
91 26 1.66641251985401e-01
91 25 -1.45616509203115e-04
92 38 2.78424485558387e-04
92 37 -1.67635726404208e-03
92 26 -1.45616509203115e-04
92 25 1.63097149021929e-01
93 38 1.12912835910980e-03
93 37 2.06214605570823e-03
94 38 4.21396440446464e-03
94 37 7.69603385253089e-03
95 26 -7.69603385253088e-03
95 25 -4.21396440446463e-03
96 26 -2.06214605570823e-03
96 25 -1.12912835910979e-03
97 48 -2.52008735971799e-04
97 47 3.03246468731011e-04
97 45 1.66666666844772e-01
98 48 9.40509406597965e-04
98 47 -1.13173122851998e-03
98 46 1.66666666844772e-01
99 49 2.78424485558387e-04
99 50 -1.67635726404208e-03
99 48 -1.45616509203108e-04
99 47 1.63097149021929e-01
100 49 -1.03909432617513e-03
100 50 6.25625048104219e-03
100 48 1.66641251985401e-01
100 47 -1.45616509203104e-04
101 50 1.66666666844772e-01
101 48 6.25625048104220e-03
101 47 -1.03909432617513e-03
102 49 1.66666666844772e-01
102 48 -1.67635726404208e-03
102 47 2.78424485558387e-04
103 49 -1.13173122851998e-03
103 50 9.40509406597965e-04
103 44 1.66515955533892e-01
103 43 3.90101130884099e-04
104 49 3.03246468731011e-04
104 50 -2.52008735971799e-04
104 44 3.90101130884096e-04
104 43 1.73396507839362e-01
105 49 -1.12912835910979e-03
105 50 -2.06214605570823e-03
106 49 -4.21396440446463e-03
106 50 -7.69603385253088e-03
107 48 2.06214605570823e-03
107 47 1.12912835910979e-03
108 48 7.69603385253088e-03
108 47 4.21396440446463e-03
109 52 -3.94322506031071e-04
109 51 1.82602576395789e-03
109 49 1.66666666844772e-01
110 52 1.47163162707584e-03
110 51 -6.81482092702062e-03
110 50 1.66666666844772e-01
111 52 2.32222616497253e-04
111 51 1.69727295122939e-01
111 49 1.03909432617513e-03
111 50 -6.25625048104219e-03
112 52 1.71485163816607e-01
112 51 2.32222616497257e-04
112 49 -2.78424485558386e-04
112 50 1.67635726404208e-03
113 52 3.96497752719589e-03
113 51 -1.41680666330174e-03
114 52 -1.06241252641969e-03
114 51 3.79632201262734e-04
115 49 -3.03246468731011e-04
115 50 2.52008735971799e-04
115 40 1.50362526441362e-01
115 39 -7.32452724501148e-04
116 49 1.13173122851998e-03
116 50 -9.40509406597965e-04
116 40 -7.32452724501148e-04
116 39 1.57946521571835e-01
117 49 -4.21396440446463e-03
117 50 -7.69603385253088e-03
118 49 -1.12912835910979e-03
118 50 -2.06214605570823e-03
119 52 2.11504715982057e-03
119 51 2.63391618802493e-03
120 52 7.89346346085461e-03
120 51 9.82990903658717e-03
121 55 1.66666666844772e-01
121 52 -1.47163162707584e-03
121 51 6.81482092702062e-03
122 56 1.66666666844772e-01
122 52 3.94322506031070e-04
122 51 -1.82602576395789e-03
123 56 -3.96497752719589e-03
123 55 1.41680666330174e-03
124 56 1.06241252641969e-03
124 55 -3.79632201262734e-04
125 52 1.06241252641969e-03
125 51 -3.79632201262734e-04
126 52 -3.96497752719589e-03
126 51 1.41680666330174e-03
127 56 3.94322506031070e-04
127 55 -1.82602576395789e-03
127 52 1.71485163816607e-01
127 51 2.32222616497257e-04
128 56 -1.47163162707584e-03
128 55 6.81482092702062e-03
128 52 2.32222616497253e-04
128 51 1.69727295122939e-01
129 56 -7.89346346085461e-03
129 55 -9.82990903658717e-03
130 56 -2.11504715982057e-03
130 55 -2.63391618802493e-03
131 52 7.89346346085461e-03
131 51 9.82990903658717e-03
132 52 2.11504715982057e-03
132 51 2.63391618802493e-03
133 61 1.66666666844772e-01
133 48 -9.40509406597965e-04
133 47 1.13173122851998e-03
134 62 1.66666666844772e-01
134 48 2.52008735971799e-04
134 47 -3.03246468731011e-04
135 56 -1.06241252641969e-03
135 55 3.79632201262734e-04
136 56 3.96497752719589e-03
136 55 -1.41680666330174e-03
137 56 1.66666666844772e-01
137 48 1.67635726404208e-03
137 47 -2.78424485558387e-04
138 55 1.66666666844772e-01
138 48 -6.25625048104220e-03
138 47 1.03909432617513e-03
139 56 1.47163162707584e-03
139 55 -6.81482092702062e-03
139 48 1.66641251985401e-01
139 47 -1.45616509203104e-04
140 56 -3.94322506031071e-04
140 55 1.82602576395789e-03
140 48 -1.45616509203108e-04
140 47 1.63097149021929e-01
141 56 -2.11504715982057e-03
141 55 -2.63391618802493e-03
142 56 -7.89346346085461e-03
142 55 -9.82990903658717e-03
143 48 7.69603385253088e-03
143 47 4.21396440446463e-03
144 48 2.06214605570823e-03
144 47 1.12912835910979e-03
145 69 -6.25625048104221e-03
145 70 1.03909432617513e-03
145 65 1.66666666844772e-01
146 69 1.67635726404208e-03
146 70 -2.78424485558387e-04
146 66 1.66666666844772e-01
147 66 3.96497752719589e-03
147 65 -1.41680666330174e-03
148 66 -1.06241252641969e-03
148 65 3.79632201262734e-04
149 69 2.52008735971799e-04
149 70 -3.03246468731011e-04
149 62 1.66666666844772e-01
150 69 -9.40509406597966e-04
150 70 1.13173122851998e-03
150 61 1.66666666844772e-01
151 69 -1.45616509203087e-04
151 70 1.63097149021929e-01
151 66 -3.94322506031071e-04
151 65 1.82602576395789e-03
152 69 1.66641251985401e-01
152 70 -1.45616509203101e-04
152 66 1.47163162707584e-03
152 65 -6.81482092702062e-03
153 66 7.89346346085460e-03
153 65 9.82990903658716e-03
154 66 2.11504715982057e-03
154 65 2.63391618802492e-03
155 69 -7.69603385253089e-03
155 70 -4.21396440446463e-03
156 69 -2.06214605570823e-03
156 70 -1.12912835910979e-03
157 71 1.66666666844772e-01
157 69 -1.67635726404208e-03
157 70 2.78424485558387e-04
158 72 1.66666666844772e-01
158 69 6.25625048104221e-03
158 70 -1.03909432617513e-03
159 72 6.25625048104221e-03
159 71 -1.03909432617513e-03
159 69 1.66641251985401e-01
159 70 -1.45616509203101e-04
160 72 -1.67635726404208e-03
160 71 2.78424485558387e-04
160 69 -1.45616509203087e-04
160 70 1.63097149021929e-01
161 69 9.40509406597966e-04
161 70 -1.13173122851998e-03
161 46 1.66666666844772e-01
162 69 -2.52008735971799e-04
162 70 3.03246468731011e-04
162 45 1.66666666844772e-01
163 72 -2.52008735971799e-04
163 71 3.03246468731011e-04
163 16 1.73396507839362e-01
163 15 3.90101130884085e-04
164 72 9.40509406597966e-04
164 71 -1.13173122851998e-03
164 16 3.90101130884082e-04
164 15 1.66515955533892e-01
165 72 7.69603385253088e-03
165 71 4.21396440446463e-03
166 72 2.06214605570823e-03
166 71 1.12912835910979e-03
167 69 -2.06214605570823e-03
167 70 -1.12912835910980e-03
168 69 -7.69603385253089e-03
168 70 -4.21396440446463e-03
169 76 3.79632201262734e-04
169 75 -1.06241252641969e-03
170 76 -1.41680666330174e-03
170 75 3.96497752719588e-03
171 76 2.32222616497222e-04
171 75 1.71485163816607e-01
171 72 1.67635726404208e-03
171 71 -2.78424485558387e-04
172 76 1.69727295122939e-01
172 75 2.32222616497222e-04
172 72 -6.25625048104221e-03
172 71 1.03909432617513e-03
173 76 -6.81482092702063e-03
173 75 1.47163162707584e-03
173 72 1.66666666844772e-01
174 76 1.82602576395789e-03
174 75 -3.94322506031071e-04
174 71 1.66666666844772e-01
175 72 -9.40509406597966e-04
175 71 1.13173122851998e-03
175 12 1.57946521571835e-01
175 11 -7.32452724501169e-04
176 72 2.52008735971799e-04
176 71 -3.03246468731011e-04
176 12 -7.32452724501169e-04
176 11 1.50362526441362e-01
177 72 2.06214605570823e-03
177 71 1.12912835910979e-03
178 72 7.69603385253088e-03
178 71 4.21396440446463e-03
179 76 -2.63391618802493e-03
179 75 -2.11504715982056e-03
180 76 -9.82990903658716e-03
180 75 -7.89346346085460e-03
181 76 1.41680666330174e-03
181 75 -3.96497752719588e-03
182 76 -3.79632201262734e-04
182 75 1.06241252641969e-03
183 66 1.06241252641969e-03
183 65 -3.79632201262734e-04
184 66 -3.96497752719589e-03
184 65 1.41680666330174e-03
185 76 -1.82602576395789e-03
185 75 3.94322506031071e-04
185 66 1.66666666844772e-01
186 76 6.81482092702063e-03
186 75 -1.47163162707584e-03
186 65 1.66666666844772e-01
187 76 1.69727295122939e-01
187 75 2.32222616497222e-04
187 66 -1.47163162707584e-03
187 65 6.81482092702062e-03
188 76 2.32222616497222e-04
188 75 1.71485163816607e-01
188 66 3.94322506031071e-04
188 65 -1.82602576395789e-03
189 66 2.11504715982057e-03
189 65 2.63391618802492e-03
190 66 7.89346346085460e-03
190 65 9.82990903658716e-03
191 76 -9.82990903658716e-03
191 75 -7.89346346085460e-03
192 76 -2.63391618802493e-03
192 75 -2.11504715982056e-03
